16
0 0 1
0 14 0
0 28 0 
0 42 0 
0 56 0
18 56 0
18 42 0
18 28 0
18 14 0 
18 0 0
38 0 0
38 14 0
38 28 0
58 28 0
58 14 0
58 0 1
20
1 2 210e6 2
2 9 210e6 1
2 3 210e6 2
3 8 210e6 1
3 4 210e6 2
4 7 210e6 1
4 5 210e6 2 
5 6 210e6 1
6 7 210e6 2
7 8 210e6 2
8 13 210e6 1
8 9 210e6 2
9 12 210e6 1
9 10 210e6 2
11 12 210e6 2
12 15 210e6 1
12 13 210e6 2
13 14 210e6 1
14 15 210e6 2
15 16 210e6 2
2
1 0 0.2 0 0.15
2 0.35 0.1  0  0
16
1 4 0.4 80 0
1 10 0.5 -40 0.78534
1 8 0 60 0
2 2 1 7  0
2 13 1 6 0
2 16 1 6 0
2 6 1 8 0
3 1 1 10 0
3 1 2 11.5 0
3 3 1 11.5 0
3 3 2 13 0
3 5 1 13 0
3 5 2 14.5 0
3 7 1 14.5 0
3 7 2 16 0
4 5 0 -340 0

