14
0 0 1
0 12e3 0 
0 24e3 0 
0 36e3 0 
18e3 24e3 0 
18e3 12e3 0 
18e3 0 0    
38e3 0 0  
38e3 12e3 0 
38e3 24e3 0 
38e3 36e3 0 
58e3 24e3 0  
58e3 12e3 0 
58e3 0 1
17 
1 2 210e3 2
2 3 210e3 2
3 4 210e3 2
4 11 210e3 1
3 5 210e3 1
2 6 210e3 1
7 6 210e3 2
6 5 210e3 2
5 10 210e3 1
6 9 210e3 1
8 9 210e3 2
9 10 210e3 2
10 11 210e3 2
10 12 210e3 1
9 13 210e3 1
14 13 210e3 2
13 12 210e3 2
2
1 400 13.5 13.5 8.6 180 180
2 500 10 0 0 0 0 
3 
3 10 16 1 2 3 0
2 -15 -15 5 9 0 0 
1 -12 -12 15 0 0 0
2
6 90e3 0.6 
10 60e3 0.4
1 
4 200e6   