16      
0 0 1    
0 12 0    
0 24 0    
0 36 0    
0 48 0    
18 0 0    
18 12 0    
18 24 0    
18 36 0    
18 48 0    
38 0 0    
38 12 0    
38 24 0    
58 0 1    
58 12 0    
58 24 0    
2
1 400 13.5 13.5 8.6 180 180
0 500 10 0 0 0 0
20      
1 2 210 2   
2 3 210 2   
3 4 210 2   
4 5 210 2   
2 7 210 1   
3 8 210 1   
4 9 210 1   
5 10 210 1   
6 7 210 2   
7 8 210 2   
8 9 210 2   
9 10 210 2   
7 12 210 1   
8 13 210 1   
11 12 210 2   
12 13 210 2   
12 15 210 1   
13 16 210 1  
14 15 210 2   
15 16 210 2   
4      
4      
4 10000 17000 1 2 3 4 
1 7000 7000 5 0 0 0 
2 6000 6000 13 17 0 0 
1 8000 8000 7 0 0 0 
3      
8 640000 0 0   
6 80000 7.2 0   
11 30000 6 45   
1
5 -320000