16
0 0 1
0 14 0
0 28 0
0 42 0 
0 56 0
18 56 0
18 42 0
18 28 0
18 14 0
18 0 0 
36 0 0
36 14 0
36 28 0
56 28 0
56 14 0
56 0 1
20
1 2 210 2
2 3 210 2
3 4 210 2
4 5 210 2
2 9 210 1
3 8 210 1
4 7 210 1
5 6 210 1
6 7 210 2
7 8 210 2
8 9 210 2
9 10 210 2
9 12 210 1
8 13 210 1
11 12 210 2
12 13 210 2
13 14 210 1
12 15 210 1
15 16 210 2
14 15 210 2
3 
6 120000 12.6 0
10 -40000 7 45
8 50000 0 0
8
10000 11500 1 2 1
11500 13000 2 3 2
13000 14500 3 4 3
14500 16000 4 5 4
7000 7000 2 9 5
8000 8000 4 7 7
6000 6000 9 12 13
6000 6000 12 15 18
1
5 -285000
2
1 0.4 0.180 0.015 0.0086
2 0.5 0 0.01 0